1. If two students are connected in the projected bipartite network, how many same courses do they have?

N_sameclasses:
 {2: 8287, 1: 50948, 3: 1267, 4: 404, 5: 141, 6: 137, 7: 2}

N_sameclasses_prob:
 {2: 0.1354394796195208, 1: 0.8326741411433988, 3: 0.020707351354885103, 4: 0.0066028176380217695, 5: 0.0023044487301016573, 6: 0.0022390742980420357, 7: 3.268721602981074e-05}



2. How many components can all 1861 students be divided into? 
(Every node in a component has a path to every other node and no other node has a path to any node in this component)

P_components_number:
 6

P_components_size:
 [1821, 3, 1, 1, 1, 1]



3. What are the shortest paths from one student to every other student in each component?

N_steps_students_statistics:
 [{0: 1821, 1: 122366, 2: 1891654, 3: 1260198, 4: 39624, 5: 378}, {0: 3, 1: 6}, {0: 1}, {0: 1}, {0: 1}, {0: 1}]

N_steps_students_average:
 [2.3675718570282, 1.0, 0, 0, 0, 0]



4. Use three methods to assess the centrality of all the selected courses and then design a rectified value based on the three calculated values.

                        degCent  closeCent  btwnCent  rectifiedCent
Classes                                                           
FT100/Lecture/1       0.021065   0.255487  0.031085       0.333333
FA102L/Lecture/1      0.020668   0.252835  0.028020       0.326923
BI242/Lecture/2       0.018680   0.238833  0.011266       0.294872
BI204/Lecture/2       0.016296   0.239755  0.012644       0.256410
CH201/Lecture/2       0.014706   0.235259  0.009680       0.230769
...                        ...        ...       ...            ...
ED412CL/No fee lab/1  0.000397   0.155675  0.000000       0.000000
ED412C/Lecture/1      0.000397   0.155675  0.000000       0.000000
PY490L/No fee lab/4   0.000397   0.169853  0.000000       0.000000
ED622/Lecture/1       0.000397   0.172903  0.000000       0.000000
PT870/Lecture/1       0.000397   0.000397  0.000000       0.000000

[689 rows x 4 columns]



5. How many students every other student is exposed to?

P_degree = 
 [57, 63, 64, 79, 64, 71, 74, 93, 101, 20, 80, 58, 42, 24, 109, 49, 64, 101, 57, 20, 67, 69, 51, 57, 97, 73, 58, 87, 86, 39, 48, 44, 67, 36, 38, 20, 77, 103, 70, 15, 36, 75, 97, 59, 61, 122, 64, 114, 55, 107, 56, 40, 48, 34, 70, 98, 64, 114, 103, 60, 20, 97, 56, 41, 70, 73, 35, 32, 91, 71, 78, 52, 43, 98, 40, 2, 96, 86, 59, 54, 97, 50, 57, 54, 70, 89, 79, 83, 19, 71, 66, 39, 84, 85, 96, 54, 37, 62, 70, 63, 67, 37, 61, 80, 45, 52, 67, 82, 50, 82, 62, 92, 56, 30, 20, 69, 39, 74, 86, 96, 59, 100, 106, 56, 102, 85, 106, 95, 20, 93, 57, 22, 28, 102, 70, 73, 74, 63, 22, 93, 82, 63, 68, 81, 68, 85, 79, 33, 75, 11, 66, 79, 82, 48, 63, 80, 75, 46, 64, 4, 43, 46, 107, 55, 62, 102, 53, 66, 65, 86, 72, 18, 78, 97, 91, 105, 50, 96, 115, 58, 60, 62, 73, 53, 92, 13, 33, 46, 51, 84, 109, 92, 87, 72, 58, 45, 29, 56, 64, 12, 66, 45, 80, 76, 80, 76, 49, 84, 61, 55, 65, 42, 102, 95, 77, 81, 100, 71, 97, 55, 66, 6, 96, 85, 46, 65, 44, 38, 36, 58, 45, 80, 47, 46, 44, 54, 98, 64, 53, 65, 54, 96, 67, 60, 47, 28, 91, 54, 100, 62, 137, 54, 67, 91, 45, 68, 75, 51, 54, 55, 59, 119, 76, 29, 58, 106, 81, 58, 175, 42, 45, 17, 65, 94, 98, 56, 78, 79, 71, 56, 76, 81, 40, 62, 39, 64, 84, 61, 40, 84, 112, 72, 63, 83, 82, 90, 33, 93, 47, 68, 55, 76, 100, 71, 60, 74, 56, 114, 95, 116, 78, 77, 57, 34, 56, 36, 50, 64, 83, 53, 94, 85, 37, 95, 99, 66, 72, 58, 57, 85, 130, 50, 89, 80, 58, 69, 62, 58, 66, 63, 36, 45, 59, 96, 105, 87, 80, 30, 20, 68, 68, 11, 103, 99, 52, 60, 59, 42, 77, 74, 67, 34, 54, 93, 58, 75, 95, 83, 93, 81, 49, 67, 42, 73, 96, 35, 43, 95, 111, 79, 70, 70, 74, 34, 62, 49, 56, 65, 14, 38, 58, 51, 84, 101, 94, 66, 45, 44, 58, 100, 25, 77, 68, 78, 42, 44, 19, 66, 72, 20, 91, 78, 82, 55, 56, 11, 60, 64, 107, 28, 84, 112, 49, 88, 67, 75, 27, 64, 72, 83, 76, 80, 77, 81, 84, 94, 71, 57, 65, 31, 86, 77, 54, 68, 54, 48, 72, 108, 56, 92, 11, 47, 34, 111, 99, 45, 40, 61, 92, 119, 15, 50, 63, 59, 81, 57, 115, 77, 70, 64, 101, 57, 81, 64, 2, 108, 57, 51, 68, 78, 73, 49, 69, 70, 102, 54, 87, 115, 75, 85, 36, 84, 64, 60, 65, 80, 52, 36, 108, 48, 67, 51, 80, 47, 59, 61, 42, 47, 72, 46, 117, 46, 105, 69, 87, 60, 20, 25, 34, 59, 95, 68, 85, 125, 58, 94, 44, 63, 34, 88, 60, 37, 60, 71, 48, 76, 46, 110, 69, 90, 58, 48, 37, 15, 96, 65, 95, 66, 96, 86, 48, 75, 33, 75, 70, 82, 87, 86, 70, 71, 77, 88, 61, 95, 35, 53, 54, 48, 112, 74, 87, 48, 69, 30, 88, 61, 84, 94, 62, 86, 58, 71, 95, 50, 76, 20, 108, 57, 53, 39, 52, 88, 92, 50, 59, 85, 26, 56, 48, 100, 11, 57, 87, 84, 42, 83, 37, 93, 87, 100, 76, 54, 73, 90, 44, 89, 100, 65, 34, 96, 47, 64, 108, 59, 83, 76, 6, 58, 57, 63, 70, 101, 63, 52, 51, 66, 45, 99, 92, 71, 56, 49, 113, 63, 81, 56, 79, 67, 71, 49, 57, 109, 46, 114, 45, 60, 105, 63, 18, 31, 91, 28, 34, 82, 109, 30, 50, 50, 58, 28, 63, 118, 69, 49, 60, 71, 64, 39, 2, 80, 94, 85, 78, 58, 41, 47, 67, 53, 31, 116, 85, 52, 30, 66, 82, 69, 39, 65, 90, 70, 55, 32, 100, 88, 71, 54, 75, 76, 13, 79, 60, 33, 128, 61, 64, 34, 118, 41, 73, 19, 23, 99, 44, 76, 62, 74, 74, 78, 101, 0, 100, 94, 56, 51, 46, 70, 50, 80, 81, 107, 49, 64, 84, 78, 51, 46, 118, 71, 44, 64, 94, 91, 5, 106, 75, 68, 61, 66, 75, 82, 80, 45, 46, 50, 46, 69, 98, 69, 47, 43, 63, 70, 65, 86, 75, 120, 50, 106, 56, 54, 76, 37, 99, 61, 53, 61, 60, 51, 43, 44, 104, 108, 73, 39, 86, 54, 69, 70, 44, 86, 63, 57, 101, 47, 107, 67, 47, 106, 59, 88, 85, 55, 90, 57, 85, 105, 20, 105, 22, 52, 92, 57, 37, 100, 63, 51, 56, 74, 90, 32, 53, 73, 62, 91, 92, 51, 88, 47, 45, 79, 100, 82, 72, 65, 15, 79, 60, 48, 96, 78, 74, 87, 89, 77, 54, 1, 53, 72, 86, 99, 49, 54, 25, 56, 84, 68, 76, 35, 34, 19, 110, 102, 93, 73, 74, 62, 60, 51, 103, 42, 35, 87, 51, 11, 71, 84, 21, 60, 44, 56, 74, 63, 80, 34, 46, 76, 39, 48, 41, 84, 83, 67, 67, 62, 32, 53, 79, 71, 76, 63, 23, 49, 61, 49, 51, 76, 77, 59, 43, 80, 81, 70, 55, 56, 29, 91, 32, 63, 88, 32, 57, 55, 101, 105, 112, 55, 83, 89, 107, 78, 69, 108, 55, 42, 45, 66, 29, 11, 86, 55, 101, 26, 84, 101, 42, 62, 46, 105, 96, 29, 101, 85, 105, 106, 65, 59, 73, 55, 57, 70, 42, 44, 98, 44, 36, 88, 45, 101, 54, 46, 38, 57, 112, 4, 75, 100, 11, 83, 62, 85, 68, 54, 42, 105, 99, 64, 59, 91, 97, 58, 22, 51, 72, 65, 106, 119, 82, 106, 101, 78, 100, 31, 113, 98, 71, 55, 91, 67, 79, 82, 75, 55, 100, 19, 79, 92, 54, 89, 71, 64, 34, 56, 75, 87, 95, 50, 105, 92, 64, 64, 55, 58, 63, 126, 33, 65, 96, 78, 37, 101, 43, 77, 113, 71, 96, 57, 78, 85, 52, 54, 75, 30, 42, 9, 67, 68, 78, 44, 51, 54, 77, 68, 112, 96, 57, 0, 74, 64, 61, 54, 82, 56, 0, 76, 41, 77, 62, 91, 59, 99, 81, 95, 94, 54, 50, 70, 45, 54, 95, 61, 76, 43, 66, 99, 53, 56, 140, 52, 82, 58, 81, 43, 46, 43, 60, 114, 99, 85, 80, 116, 76, 44, 88, 40, 67, 78, 65, 43, 95, 99, 70, 45, 15, 77, 125, 80, 69, 76, 47, 49, 103, 51, 81, 66, 102, 53, 7, 61, 114, 38, 60, 56, 57, 108, 58, 135, 92, 92, 92, 66, 44, 78, 59, 104, 95, 77, 69, 60, 54, 103, 74, 42, 26, 89, 60, 66, 56, 90, 60, 99, 59, 71, 84, 73, 20, 62, 78, 96, 45, 107, 70, 89, 81, 62, 48, 49, 83, 62, 83, 61, 98, 53, 74, 67, 40, 11, 57, 67, 54, 92, 92, 82, 41, 72, 61, 72, 51, 66, 103, 135, 89, 42, 46, 72, 86, 55, 76, 46, 68, 51, 97, 32, 77, 78, 81, 84, 84, 62, 50, 100, 20, 57, 38, 64, 62, 77, 46, 93, 56, 85, 45, 128, 64, 80, 79, 17, 11, 65, 47, 113, 109, 19, 57, 21, 73, 58, 31, 35, 74, 88, 88, 61, 85, 81, 88, 56, 37, 76, 80, 97, 51, 102, 60, 28, 70, 32, 50, 71, 56, 76, 28, 41, 38, 64, 63, 61, 55, 48, 96, 79, 91, 89, 94, 57, 127, 122, 95, 80, 34, 54, 78, 78, 44, 64, 78, 126, 95, 49, 69, 82, 56, 54, 38, 34, 61, 75, 36, 94, 127, 90, 72, 142, 74, 75, 93, 112, 41, 72, 48, 97, 40, 76, 116, 98, 92, 80, 46, 64, 94, 58, 96, 37, 65, 87, 50, 40, 65, 79, 74, 97, 98, 94, 46, 71, 61, 81, 62, 82, 63, 51, 48, 89, 86, 67, 49, 90, 92, 43, 78, 51, 113, 90, 69, 98, 11, 88, 47, 20, 119, 41, 53, 77, 104, 82, 77, 48, 36, 50, 47, 114, 70, 60, 59, 86, 84, 61, 79, 61, 56, 52, 55, 74, 59, 46, 41, 64, 84, 50, 87, 101, 29, 74, 63, 62, 92, 81, 20, 19, 50, 64, 31, 90, 93, 105, 78, 84, 77, 69, 67, 32, 21, 91, 96, 2, 81, 53, 49, 63, 73, 59, 101, 61, 74, 55, 78, 84, 81, 40, 66, 63, 65, 119, 99, 119, 106, 98, 88, 87, 57, 96, 79, 63, 45, 53, 38, 63, 91, 43, 33, 67, 66, 74, 45, 45, 48, 58, 84, 73, 16, 110, 88, 124, 76, 40, 73, 64, 56, 93, 65, 106, 96, 45, 84, 2, 120, 64, 77, 73, 66, 78, 122, 34, 91, 92, 63, 43, 80, 35, 50, 91, 70, 118, 71, 60, 102, 80, 53, 30, 37, 40, 72, 72, 59, 29, 69, 71, 37, 60, 62, 61, 38, 90, 92, 155, 61, 46, 51, 74, 74, 82, 51, 99, 99, 55, 45, 65, 71, 110, 51, 77, 42, 20, 60, 78, 39, 18, 76, 61, 50, 62, 96, 67, 25, 19, 65, 69, 70, 85, 130, 65, 117, 84, 82, 11, 76, 41, 73, 66, 114, 56, 71, 84, 77, 88, 43, 37, 68, 27, 100, 71, 55, 46, 96, 31, 75, 39, 97, 70, 57, 72, 69, 91, 50, 42, 62, 61, 62, 49, 99, 20, 69, 70, 53, 54, 41, 59, 69, 17, 20, 70, 51, 62, 67, 47, 67, 113, 47, 82, 35, 36, 85, 81, 62, 43, 89, 63, 29, 29, 83, 81, 47, 89, 90, 68, 48, 91, 91, 89, 104, 35, 73, 60, 90, 33, 74, 95, 104, 52, 56, 56, 108, 42, 81, 63, 76, 97, 92, 56, 65, 87, 41, 81, 82, 85, 92, 56, 83, 104, 59, 63, 56, 53, 70, 64, 26, 92, 99, 48, 105, 50, 40, 7, 65, 96, 20, 66, 80, 60, 38, 55, 47, 27, 75, 58, 79, 46, 58, 55, 113, 30, 48, 20, 86, 96, 39, 56, 56, 92, 60, 62, 79, 99, 75, 90, 93, 80, 92, 78, 61, 65, 101, 74, 95, 52, 94, 85, 72, 56, 71, 77, 69, 43, 75, 87, 90, 96, 74, 71, 63, 30, 125, 35, 43, 72, 60, 115, 68, 68, 60, 42, 71, 101, 76, 66, 83, 82, 56, 55, 54, 108, 102, 65, 81, 47, 10, 157, 39, 47, 61, 88, 33, 34, 62, 55, 59, 64, 28, 88, 76, 79, 94, 47, 127, 71, 54, 36, 51, 74, 115, 14, 45, 58, 23, 23, 19, 25, 28, 24, 5, 0, 23, 19, 25, 23, 24, 23, 23, 26]

max : 
 175

mean : 
 66.94310722100657



6. What's the number of students per class?

classes degree : 
 dict_values([2, 15, 11, 8, 13, 19, 15, 18, 1, 20, 19, 6, 12, 1, 17, 10, 15, 26, 5, 1, 12, 19, 3, 1, 15, 16, 19, 4, 10, 26, 18, 8, 14, 28, 29, 19, 2, 30, 28, 21, 1, 1, 18, 1, 6, 2, 19, 9, 20, 1, 13, 20, 4, 16, 2, 13, 18, 1, 12, 17, 11, 17, 2, 16, 5, 25, 8, 8, 16, 24, 16, 18, 12, 13, 1, 14, 3, 28, 1, 13, 3, 4, 16, 24, 19, 16, 3, 17, 20, 14, 1, 1, 5, 12, 12, 12, 28, 2, 1, 18, 28, 20, 1, 16, 15, 15, 15, 10, 16, 9, 36, 16, 13, 5, 1, 19, 12, 1, 12, 17, 20, 1, 1, 1, 6, 24, 22, 15, 1, 2, 15, 21, 12, 52, 3, 1, 10, 21, 19, 19, 7, 14, 19, 1, 20, 22, 18, 2, 4, 1, 17, 1, 3, 12, 16, 11, 17, 4, 4, 2, 2, 2, 4, 11, 17, 2, 1, 18, 13, 25, 1, 1, 1, 24, 20, 1, 17, 1, 14, 16, 12, 13, 27, 14, 28, 10, 1, 19, 1, 23, 7, 13, 12, 25, 12, 19, 13, 1, 13, 16, 3, 32, 21, 1, 5, 19, 25, 1, 8, 1, 16, 12, 12, 13, 15, 9, 11, 15, 2, 10, 19, 1, 21, 16, 20, 2, 14, 53, 18, 17, 1, 8, 19, 15, 18, 22, 1, 15, 15, 15, 11, 11, 12, 17, 17, 18, 37, 12, 3, 15, 10, 1, 12, 14, 1, 9, 18, 10, 2, 8, 16, 27, 47, 14, 7, 15, 10, 19, 18, 12, 18, 1, 27, 3, 15, 2, 12, 2, 2, 24, 11, 19, 2, 20, 1, 15, 19, 11, 30, 18, 8, 1, 1, 19, 6, 7, 20, 1, 9, 3, 28, 24, 10, 20, 12, 1, 19, 12, 12, 14, 19, 23, 6, 27, 1, 2, 1, 12, 18, 8, 19, 22, 14, 8, 3, 1, 4, 12, 11, 1, 19, 1, 26, 28, 3, 11, 16, 9, 9, 4, 28, 16, 12, 1, 20, 2, 14, 20, 23, 7, 2, 2, 17, 17, 11, 12, 2, 10, 13, 10, 10, 6, 21, 19, 13, 4, 3, 12, 2, 2, 4, 1, 20, 1, 12, 3, 2, 15, 16, 25, 12, 2, 30, 1, 24, 14, 19, 16, 1, 1, 21, 15, 2, 2, 12, 35, 8, 3, 20, 16, 9, 18, 1, 1, 7, 12, 1, 15, 8, 1, 41, 13, 15, 14, 24, 4, 12, 11, 2, 12, 34, 18, 9, 12, 2, 14, 1, 7, 21, 15, 11, 2, 10, 11, 19, 1, 4, 9, 9, 15, 15, 36, 13, 25, 14, 12, 10, 13, 1, 20, 24, 14, 20, 7, 16, 10, 4, 14, 21, 20, 13, 1, 1, 20, 15, 1, 20, 19, 18, 32, 6, 17, 1, 24, 6, 5, 2, 1, 29, 15, 8, 1, 10, 17, 1, 11, 19, 20, 16, 1, 13, 14, 5, 12, 3, 27, 7, 17, 11, 2, 12, 1, 15, 6, 20, 1, 18, 22, 3, 20, 19, 18, 12, 1, 15, 7, 1, 19, 13, 11, 16, 1, 21, 28, 3, 15, 7, 11, 1, 15, 20, 14, 17, 1, 14, 18, 20, 14, 29, 16, 14, 11, 18, 19, 6, 14, 9, 19, 2, 22, 29, 17, 36, 13, 18, 18, 6, 17, 4, 1, 12, 20, 2, 24, 6, 18, 21, 26, 1, 1, 9, 16, 16, 30, 15, 9, 13, 14, 13, 19, 1, 1, 1, 11, 9, 5, 19, 18, 16, 14, 17, 12, 14, 19, 6, 11, 8, 1, 1, 19, 12, 17, 20, 13, 15, 3, 16, 1, 18, 20, 19, 15, 7, 26, 1, 15, 21, 1, 25, 3, 8, 27, 1, 16, 19, 1, 8, 13, 16, 1, 2, 1, 1, 12, 20, 16, 22, 25, 20, 2, 36, 18, 3, 16, 4, 11, 14, 1, 1, 12, 1, 23, 15, 19, 5, 1, 1, 7, 16, 20, 24, 12, 1, 7, 12, 6, 24, 15, 15, 16, 12, 18, 16, 15, 18, 10, 24, 20, 17, 21, 5, 10, 17, 23, 23, 1, 19, 1, 18])

average of classes degree : 
 12.417997097242381



7. What's the flow rate in one classroom on a given day?

Dataframe(Rooms-Dates):
                                           Monday  Tuesday  Wednesday  Thursday  Friday
Rooms                                                                                 
Arcadia Univ, Boyer Hall, Room AMP            69        1         92         1      68
Arcadia Univ, Murphy Hall, Room 138            8       21          7        21       0
Arcadia Univ, Boyer Hall, Room 004            14       16          0         0       0
Online Course, Online Course, Room ASYNC       0        3          0         4       0
Arcadia Univ, Boyer Hall, Room 215             1        9          1         9       1
...                                          ...      ...        ...       ...     ...
Arcadia Univ, Murphy Hall, Room 108            2        2          2         1       2
Arcadia Univ, Knight Hall, Room SEM            0        2          0         2       0
Arcadia Univ, Kistler Hall, Room               1        0          1         0       0
Arcadia Univ, Boyer Hall, Room 106             0        1          0         0       0
Arcadia Univ, Taylor Hall, Room 108            1        1          1         1       0

[77 rows x 5 columns]

Maximum flow rate on Monday is in the classroom  Arcadia Univ, Boyer Hall, Room AMP and the flow rate is  69

Maximum flow rate on Tuesday is in the classroom  Arcadia Univ, Brubaker Hall, Room 304 and the flow rate is  34

Maximum flow rate on Wednesday is in the classroom  Arcadia Univ, Boyer Hall, Room AMP and the flow rate is  92

Maximum flow rate on Thursday is in the classroom  Arcadia Univ, Boyer Hall, Room 205 and the flow rate is  34

Maximum flow rate on Friday is in the classroom  Arcadia Univ, Boyer Hall, Room AMP and the flow rate is  68



8. What's the potential flow rate in the dining hall on a given day?



 {'Monday': 1063, 'Tuesday': 737, 'Wednesday': 1043, 'Thursday': 750, 'Friday': 811}



9. How many students are connected directly and connected in total?

The pair of students connecting directly:
 61186

The pair of students connecting in total:
 1657113.0



10. How to slow down the transmission by switching some classes to fully online?
(Clustering coefficient measures the degree to which nodes in a network tend to form triangles)

 Clustering before removing the high centrality class:
 0.3934280019533375

 Clustering after removing the high centrality class:
 0.38766900588893244



11. What are the minimum nodes needing to be removed in order to cut the transmission?

 Minimum nodes needing to be removed in order to cut the transmission:
 [{'BA367/Lecture/1'}, {'SA100/Lecture/1'}, {'745'}, {'1095'}, {'1102'}, {'PT870/Lecture/1'}]
